5281
1765
2036
8874
3079
6867
5793
8742
1750
7373
406
1210
7891
8918
6477
272
4475
9254
2416
7938
9063
5091
3081
3260
8480
6256
1923
1768
7710
9015
492
2583
904
1617
8566
4033
8657
4531
6495
9348
7321
2235
6962
7023
9583
4016
6441
3014
3309
3026
136
1114
4312
9500
7807
8032
9471
2013
6829
7407
4821
6429
9897
6623
1615
1566
9780
6385
738
4841
9543
2692
4361
1292
8157
3700
3409
4482
9872
9737
4880
9441
8656
691
5536
1739
2156
7019
3997
9938
74
1851
2352
3937
1446
219
9023
6858
7461
6440
5221
523
8111
6346
1195
109
1807
1044
1180
2671
1778
9688
9243
2660
3691
6964
4612
6002
8933
9177
3987
4154
7040
7069
9273
1812
6513
6234
735
6169
7551
4797
3251
792
5036
9696
6322
6555
7917
3341
4659
6249
7527
7802
2092
6515
9549
2751
6957
6916
6961
3802
7396
7027
2251
1308
8951
1626
8342
5998
6662
1988
383
3758
5533
5704
4224
8130
1022
1442
8348
7599
5458
1118
5049
1683
2752
3128
2183
9998
3932
9690
5762
7628
817
7697
9603
5218
309
8421
6244
2980
1260
615
5406
3629
3566
5916
6469
8143
8372
9701
9660
838
4919
197
1915
6481
4405
7312
4097
445
707
8836
8329
3766
7105
1944
2170
349
268
3614
6263
3749
7781
4578
3436
5082
5317
9168
7381
6001
1875
9679
4039
9482
5668
1876
4186
5735
8916
3212
2903
3862
8885
8109
6339
8307
944
8549
684
4809
6347
3698
905
8028
87
1185
4992
2895
2393
6473
1030
5472
7319
890
3985
6099
1958
6765
9183
7690
7329
8654
698
5758
8261
133
1328
1685
2705
6761
7946
6468
1969
9558
353
1827
5654
4424
9650
6954
2967
4570
2607
5910
3091
4540
6178
4772
816
694
5100
9278
9324
5630
9996
1632
1084
1373
4040
7610
8866
833
1394
9721
3031
8738
5842
2471
1145
532
3504
8658
9648
7814
4269
5446
4266
9388
5126
4673
3929
2232
8409
2898
5081
8259
4763
6351
1413
1997
3690
8624
876
5823
44
1111
609
2479
4913
128
1007
4951
1746
5514
8070
727
6317
7308
6586
8521
506
5875
9988
8666
6814
394
1159
4923
2481
2360
8753
6168
7912
8609
5825
8934
9047
1019
4330
4452
8953
8913
6377
5690
4613
1909
6802
7685
4063
350
8347
8744
8884
509
9692
8429
4457
5311
9340
7689
6389
4212
166
6676
9411
9781
8184
4598
1477
5876
3308
2329
3109
2962
681
462
9878
9205
2468
8076
3593
6082
1233
4355
1223
9040
4947
9228
2089
8459
4071
7576
6706
8515
2155
1498
3928
4380
1985
6291
2747
761
2057
3800
5304
2301
2674
3913
9759
494
8717
4036
4302
6126
2704
863
53
5835
5007
7432
5853
1643
103
2053
3561
6575
4964
2385
6066
1553
535
2817
9301
451
2118
9345
5491
3269
4178
7358
9374
8400
6634
8587
9303
1823
4717
733
9480
6360
6312
4252
8181
5019
2144
3572
3678
6103
3350
4010
9065
9849
9330
8254
4432
9531
2356
6963
9656
683
1941
7577
4000
2230
1161
5639
9196
8584
5508
5045
7470
3274
6774
237
8092
9070
1826
7290
5441
2449
9727
9444
3434
4679
1054
6621
6432
4617
9768
3580
8610
3670
9818
9761
7328
8182
8542
1405
1296
8621
4417
4288
1061
953
81
5027
6906
3550
7852
86
1607
7168
3281
2665
9772
9105
854
7631
5452
6159
6697
1815
9175
1321
7711
1316
840
4187
8419
2496
6254
3562
6828
1074
7861
5448
1266
2189
1042
9390
6205
4918
7301
4671
5798
1091
4496
9104
1424
7327
9606
6898
3195
3073
3226
1721
5517
5566
5631
290
1052
5907
3325
4327
317
6862
1835
5587
4949
743
2907
8159
9277
7385
6738
962
5154
7783
1011
5937
5070
4580
964
5870
4827
1866
3606
7187
933
8162
7675
6974
3119
8944
4208
9655
5021
802
6882
2427
7475
8957
8580
125
8965
9576
9404
6140
9638
9400
48
1590
653
8700
1406
4959
2452
2040
8984
7380
1028
6783
4551
3003
521
9980
5774
5838
6967
4895
2726
8911
4584
2001
8383
5598
596
6275
4943
2269
780
2537
1183
1324
3289
7882
8223
9076
6356
799
8004
8509
8560
5982
6527
3135
9035
7220
1571
6649
7397
8595
9908
2624
1769
8620
9231
8434
56
9992
8229
9503
3616
2677
3876
5898
2488
4238
665
4755
9890
6605
111
6493
942
7182
5144
8449
3327
8676
9715
6330
3366
4079
9264
7642
8476
4999
8512
1464
549
7880
834
6646
1799
818
3011
2403
3608
6172
539
6306
671
5226
2090
5606
6744
9131
6709
2915
5065
3524
5233
1929
3421
4020
5832
15
2850
2287
9883
9242
3151
6265
3822
977
4434
5142
7601
9554
7812
3567
2094
3123
3619
7509
1561
6026
849
3565
660
7660
4953
483
1591
2931
3714
4108
4347
510
6119
5550
9069
6519
7238
5767
9902
7234
2046
5578
6960
7508
8027
6303
2218
8430
6129
6788
118
6125
9671
5748
9755
5995
6037
1900
7797
2310
7537
8445
444
9067
758
1868
2795
7782
8973
2519
8057
1050
9842
8428
8680
7756
472
3194
8559
7278
2188
5540
1218
7053
4007
6229
235
2894
554
527
9944
1284
9249
7774
8681
145
2209
6480
4864
3371
558
5867
2634
2565
6197
9876
9307
3157
1226
1348
2334
382
7906
9406
4668
9952
9899
6840
8756
9736
2697
9852
7
3944
365
5557
119
2314
6128
6108
7293
6949
4644
8967
4761
1697
3528
149
2112
9924
4620
7536
8192
8446
7833
2837
4702
6919
3964
1445
4528
9000
8328
174
392
1135
9637
2482
6553
9691
6133
6333
6770
4045
724
7637
8653
4286
502
1603
3358
3485
4413
5456
6805
3723
9135
562
33
8022
1523
7046
7289
1675
5973
1920
8485
2016
9889
652
8923
4903
7620
1276
3110
3717
8755
613
8995
9373
6677
7109
8466
4680
4575
7050
9485
3072
1136
7285
6911
4547
4069
1925
6785
5316
6663
9201
9141
6985
8010
8568
4749
2723
2954
5905
2217
194
4993
2066
5421
8399
4705
8114
2906
1376
1113
4146
9967
8774
3117
2553
7078
1588
3070
4956
7273
9051
120
3953
9693
1525
543
5930
7007
5404
6376
8388
2998
3205
5158
260
3536
9004
7789
1419
2086
3217
7176
5978
3923
8950
5885
4581
6619
3435
3778
2635
5854
1032
9528
1147
6801
7029
4346
3066
5419
2867
9170
9127
2540
346
5052
6176
5071
6817
8541
9658
7041
8949
8170
4442
5579
4259
9591
9407
822
3511
4085
4307
6237
8216
5695
6601
8198
5147
6146
4916
836
1258
8952
366
6864
3998
7032
3138
3665
7374
1982
1393
9333
1572
2991
1645
4458
2293
3783
4076
658
8343
9269
2148
729
6632
4742
5286
7590
3872
9325
9819
2785
2831
2773
8740
4023
8231
9649
7126
3455
7681
5284
3930
9935
8614
5055
2844
4549
6895
6208
2629
9928
6708
4641
835
5950
1800
4260
1005
1229
1696
3610
2006
8611
3821
2558
7208
1002
1281
7268
8228
1304
6757
7526
4320
1171
8292
9702
7503
4090
868
4710
2983
5688
2238
9011
4081
5397
2666
1979
2691
2623
6295
9138
7750
327
162
6917
3805
8440
5933
6546
5392
9492
3317
6556
3075
5139
2464
2578
911
1302
4008
7011
7846
3687
7320
2085
7630
8987
4371
2288
9398
2338
6951
2342
3496
23
9689
1236
5664
4075
2041
3209
7901
8078
3994
4757
522
1790
2111
4601
4077
4035
5890
3382
2475
4635
534
8851
7134
2375
5539
6314
2451
4868
5076
4938
2299
8006
3244
7115
8821
5285
4236
2327
8665
6717
2827
1368
5622
640
6554
7947
2953
8200
8635
9740
98
4977
8376
1637
473
6521
9008
1676
654
2291
8602
2435
1381
4164
8870
6631
4342
5893
8009
8493
6431
1219
9432
7479
6153
7463
7825
2404
4388
3530
8976
2522
1737
4670
1175
2108
3705
319
9355
7087
7808
4467
7579
1670
3165
6438
9901
1010
4200
138
2538
1036
5549
5359
7104
4109
51
3222
4958
1928
6427
9560
3373
1020
8901
538
9620
9753
1454
4830
4877
4411
5213
3955
9475
6660
8313
3842
2262
1831
253
359
7736
9191
3591
9197
8083
8287
8683
9275
9431
417
3489
3211
7331
7150
4336
405
7315
1552
6231
8693
4486
8271
7169
5592
3515
1890
2151
3735
6568
9922
6210
6843
1231
7649
6186
3020
8947
6130
5114
8374
4684
3105
9077
9090
4852
7507
8579
5347
4294
5679
4707
8919
6598
1952
9101
2348
1845
782
9733
9547
2261
5197
4997
5589
9161
6749
1689
2941
2061
1128
2423
8581
8365
7849
8783
4829
1970
7267
3163
6349
277
4439
8804
401
8875
5340
7565
2527
4768
7739
4228
5108
8267
1616
4848
5236
5917
1013
3162
8282
3767
6447
1731
3030
7794
565
2812
2816
7237
2550
2861
4857
5782
9563
6902
9949
7193
6497
1101
4450
4378
5747
4118
6557
7840
409
9951
767
3036
1966
7983
8039
2106
432
7160
8301
7703
9221
626
5433
4162
1630
4535
3023
3276
3826
8519
3398
7122
7512
5103
3510
5367
4846
4173
3755
4596
105
9245
2104
9585
9451
7702
6780
643
5702
6714
6325
7352
3828
3689
9394
7460
1609
3894
3655
7139
176
1798
7096
8837
5901
5804
1415
9310
2958
8708
8311
2012
9462
3246
9156
9519
7695
8535
2719
7427
4370
9619
1794
7036
8815
3234
6402
5515
2279
5816
7413
5402
9884
7157
2361
5518
2784
5694
3600
2087
9835
3449
9653
1759
7662
1271
1551
1014
7350
1690
7197
8394
2711
3472
5848
9222
8302
8336
5805
1727
6404
952
1140
7653
7672
9657
2592
9981
3786
7489
6622
2851
6466
5170
5974
8706
5521
1757
7676
6670
6531
1861
6793
5466
8689
3284
7515
101
9240
7924
8490
5810
2757
5216
4658
531
300
5184
413
3527
9517
8274
4014
8809
8234
9529
9801
5713
7191
9751
73
687
7292
8517
716
5022
586
1117
2662
9300
525
4650
447
43
3367
4926
9538
5766
186
3197
6296
5662
5306
4002
9972
9739
7066
9439
8014
6558
3171
135
1465
9723
8966
7186
5951
222
7420
463
7654
2220
1771
62
3155
4911
7200
1579
9680
2758
748
5964
6233
2890
3054
2774
9971
7760
9615
8613
8464
8103
1629
5985
3005
210
7177
9787
7513
2219
4900
6887
195
789
9139
5742
4751
5480
7832
6476
2428
6671
2497
308
1655
8577
7633
8703
1156
723
9323
7718
2968
6384
6297
8207
6876
4419
4606
9599
1589
1029
7450
2056
3963
3537
192
7853
5605
5632
7835
2732
7764
9154
4762
4879
83
5962
8899
5035
9292
8629
8101
994
7451
1908
9610
6562
7646
6758
9542
4351
847
5107
4799
4356
2518
7163
3065
3424
8392
8914
6865
1816
2162
3760
1327
8981
3238
8647
3870
7199
7411
930
1440
6290
6853
5836
8436
2801
7900
9644
3692
1119
5757
1255
1361
5223
2272
8938
4512
7793
7974
4633
5057
465
673
5520
8237
5591
7183
4275
8852
9557
9098
9370
7195
5638
7322
2297
8573
851
9102
5125
2029
7581
5697
6712
4170
5086
181
1485
6789
6629
5759
2945
909
9470
1150
7372
6645
3451
1521
8488
2143
1592
1285
9779
5399
6462
6539
4752
4437
6345
7691
3917
1983
7280
8906
5381
9916
7720
856
4375
2211
8776
8625
388
1499
5339
7173
1384
2742
6463
1623
6240
861
4404
3884
8118
9096
560
5195
6064
1426
929
2640
5960
8205
6326
3532
4739
8460
5263
2318
5803
4165
5828
7705
49
4576
2928
572
4824
5513
7116
8119
3240
7707
7360
3292
7485
2727
5896
5463
642
5666
2777
8273
9016
6532
5314
5301
938
9565
4562
7721
1968
5674
7153
8146
9719
1228
1481
2264
9268
2720
5725
427
5510
5957
8618
4629
9797
6700
1246
9155
7132
5130
566
9851
2824
1168
7890
1436
8258
3032
5874
9318
1714
8619
7482
507
5208
3097
3320
8532
3652
2401
3556
2298
7180
3059
3056
1336
7092
6609
4230
8538
6674
7777
3856
6763
8121
4013
9515
8603
2764
1858
233
6454
3900
7567
7005
5869
3159
6344
5296
3061
80
1538
2483
2331
3697
271
3214
1614
4329
6009
7185
4261
9734
7232
4643
1838
3406
8736
1293
3925
3654
8997
8422
9940
7747
3568
4104
7555
2098
9338
2366
7239
1206
5752
4726
9808
5438
9718
9382
9828
5289
6836
8213
7673
8169
5066
1341
3756
4088
1179
3635
8892
9167
3249
4776
824
2192
1355
2695
7894
4840
5840
1034
6033
8281
8345
9164
8575
450
3563
6594
2237
3867
6589
5711
2989
8300
423
6164
3575
3083
9572
3682
7061
9793
82
5819
4319
1137
4157
438
1049
9494
45
577
9021
4159
1008
2778
6418
6679
7790
3839
9103
1123
2049
1380
6839
6073
8813
6616
8661
4577
7632
2088
6826
2975
6144
6097
180
8424
2631
7001
5569
1035
6944
6278
3918
823
8126
5245
618
3275
668
9838
152
7057
8072
9707
228
6503
651
2492
5912
6784
5146
5794
2037
7558
770
6625
5824
3385
3753
5590
7014
9365
8330
2883
4693
9834
3142
3113
6232
2022
7421
5198
1844
5891
616
5903
8268
2500
2507
752
7330
519
9257
7539
2032
5717
1770
2067
3002
6109
8792
9745
2443
4806
5062
6908
6980
6359
9118
3352
5017
1789
7918
1294
5691
8506
5175
5023
8094
1433
7294
2419
7472
5034
4012
8980
2152
3380
4131
5248
8128
9283
9510
3363
4904
372
7419
2019
9331
8834
6624
6273
5492
3797
9936
1319
5205
1684
3500
5693
2487
1116
2920
1833
484
3880
6866
4070
9349
4485
5561
4127
342
14
4756
4316
3008
7359
8134
4148
2560
3457
4812
858
924
6537
343
8975
1254
4595
1533
3974
8344
4798
5833
3184
9234
9425
667
6929
356
8704
2180
8513
1911
9352
2787
6971
6361
8737
2051
9302
2663
5865
8652
3204
8173
4849
1216
3268
1018
1425
3742
3559
3804
5461
2226
1912
7068
9857
9409
5074
3218
8999
7848
211
8474
9227
8636
9675
8728
2698
3751
3585
1817
7981
3450
2905
1152
7464
9678
4632
424
9525
5834
9130
2319
7449
8005
9073
1883
1374
3349
1695
765
2653
4510
4729
8848
4273
8367
619
3459
2937
8256
2600
6653
7634
2501
9805
6640
3311
8591
7582
9341
2573
5063
5868
3820
6272
3243
3706
5884
6753
5415
5470
9729
3016
2140
5378
6603
5789
5375
7617
9984
7493
5503
3579
7770
8720
1610
8084
6720
6212
597
2730
9434
2270
4737
54
5822
2984
5738
9840
3104
1124
4527
2412
8042
4318
3414
4049
1386
4053
4976
154
8608
5110
6104
8416
898
4881
5261
8876
2398
3743
7356
6731
7194
5101
5310
4974
3844
5802
3518
8548
1886
5882
8242
9926
3482
3215
1656
5220
3569
634
8339
9223
3541
918
6393
9854
1860
4854
4193
2194
2977
4490
8251
9537
2282
610
67
2447
4093
4853
8099
9072
1353
5906
3416
9948
2590
6613
4649
3739
6246
2769
7845
2263
3022
3442
9773
5338
9982
7480
7614
7530
1310
8290
2661
9979
2448
1347
590
7049
316
9195
9580
746
8862
7089
7354
2300
1290
8357
4297
3646
5398
6499
8020
3879
1083
9364
745
1859
1197
200
5672
4265
5020
2880
2417
4494
9335
6121
1743
7348
1103
2096
7107
2011
8839
1087
6397
1924
5915
2038
8054
5145
2847
4948
3133
4115
6990
6728
8186
9635
8377
6841
402
5428
9709
1530
9376
5648
696
7788
4363
9605
57
1559
8739
5260
5501
2021
9081
5722
3951
3080
3067
7102
6156
1786
9666
6654
2055
4642
8441
7497
5914
386
1313
4110
8758
147
9455
9402
1962
4235
6086
2059
5272
3967
7158
1015
7916
8633
9287
2181
2091
2544
3988
6526
3252
5327
903
1622
9990
1469
5629
2168
2964
7532
4402
5807
7410
17
9672
6943
160
3977
8166
257
2993
4396
8955
3180
1153
7012
7884
9445
4738
7317
4924
6488
540
496
60
6100
8882
8662
5862
4025
7433
8555
6698
3294
3156
491
4254
5140
8351
7047
4619
6029
8333
6997
299
2633
6105
1520
5025
7000
4561
5157
6927
2725
4232
2142
5457
2877
1279
7375
6409
1297
9868
1064
9215
3789
6533
4813
4455
5166
9767
4788
3084
1973
3904
5387
2131
7052
4676
1224
5122
7412
3047
6036
8472
9270
5710
7079
3673
5412
1027
2446
4042
1205
9094
6804
5850
1452
7734
4807
3991
8214
9839
6498
541
4100
5504
832
6060
4182
2514
4511
8035
4057
4366
571
7563
557
8794
7578
2176
8686
1534
3051
2457
5174
9042
6483
1932
6693
4175
4246
3663
5240
8467
4229
646
2722
6487
4423
6705
4058
3037
5506
4682
3757
2819
772
6683
7948
1787
7859
1733
7155
5980
2080
9748
9939
9209
7682
9437
6192
4051
9180
150
4586
5225
4367
4255
9169
3660
267
8828
5800
2136
8293
288
1309
1335
3513
4927
5736
9933
4300
4438
6038
4130
3748
9716
8553
4994
4825
1664
9187
5727
5251
9166
7257
7429
9140
8204
9587
5143
7913
7863
4098
4802
8660
7886
5516
6410
8958
4409
2093
582
6538
6456
2946
9626
9417
2925
7465
5729
1131
6309
6357
9448
5120
8414
6055
4675
9078
7871
5136
2589
2351
2185
7402
3834
5685
9372
6170
9764
7657
4317
4607
1854
5150
9363
7442
5257
6258
6808
907
1265
8530
4315
3019
3555
3228
8056
3558
3833
8705
5712
1673
9337
7828
335
163
1682
2516
9577
8627
9700
5541
5809
4191
4226
5032
7123
9046
6978
298
7964
1203
7994
9682
2430
2344
9978
4734
2076
4420
8570
4219
1059
9969
1489
880
1338
6735
337
8432
4828
112
2444
8674
7065
1774
2124
3390
2239
3473
8335
7254
4574
285
6542
3304
7934
6581
345
8574
1748
3595
7072
1724
2567
2134
6746
599
325
4321
2738
7418
7086
6892
1423
4120
8759
7679
6658
4373
756
8646
1073
4334
3911
2714
2343
2508
3722
6740
3404
3649
5160
2511
6302
4789
5053
8791
8390
5429
3795
4884
9315
2236
9742
1132
6430
6044
935
7896
1169
4896
68
9054
3103
5934
556
5370
9030
1933
6018
3303
2205
2355
8315
2306
583
193
2782
5168
5228
8407
7074
5117
7085
6771
7430
4769
4546
986
3378
9220
7645
1991
7459
2957
4648
3102
4832
8864
6379
3267
2976
478
5271
485
3543
4032
5389
1631
1562
5872
1902
690
9361
1056
4697
5326
9327
3118
9061
9929
9667
8197
945
39
5858
1350
9038
3050
4281
7048
3976
6162
4915
2887
2224
4507
242
3512
755
5451
9629
7898
6564
5096
6179
3305
1085
8503
8154
8327
3814
3618
2860
8889
5746
4508
6053
5318
3086
1560
2908
5312
6200
4775
9080
9524
6567
2015
6478
7249
5219
7152
8962
4264
9048
9699
2748
5366
1711
3106
1811
4276
9383
8352
3790
4859
6411
8554
5643
1879
5637
5530
8818
5502
8210
2169
7743
8379
1618
1480
4030
400
92
8489
785
913
7956
4435
5889
7347
3883
6996
1935
1841
3540
113
6327
2394
3035
24
1491
7266
4822
513
311
5498
7652
7353
3784
2936
4804
4996
628
1758
8649
3018
1486
969
1918
8305
2414
6005
177
7583
3365
3754
1671
1867
4608
6025
6672
398
4113
9930
2947
9213
766
4244
18
1536
3423
6484
7106
1679
5610
7919
9085
773
7022
1202
3041
2563
9821
940
5300
4304
7855
1257
1598
3957
1291
3391
9366
8601
7809
3636
332
8496
8992
6721
5189
893
7749
3446
2917
7727
3221
2579
3587
6742
8797
6213
5837
6372
3855
9255
2891
1397
6316
8433
6988
7365
9279
831
8360
5651
3464
993
9367
5775
732
6650
7103
3124
3590
3787
3111
855
4308
6973
226
5562
943
9728
7233
8270
1803
5940
8141
1230
8819
8961
254
29
5883
6809
9645
4523
8782
4655
5155
8915
7217
6630
3282
5708
7060
1532
6075
2033
8034
3990
3296
2868
9012
9724
8607
4541
7899
2564
8142
6336
7279
2469
9511
3478
682
393
5199
1710
2587
4447
995
7341
5599
8942
7618
1953
5141
6136
5715
3922
705
6307
6850
6195
1507
1773
2948
7426
6399
2639
783
2546
4196
2372
6877
8698
5026
7568
4384
9313
4390
6810
1850
9810
7483
2776
4123
498
2934
9460
5313
4740
5558
3152
4817
4593
2295
3501
2810
4374
5077
5004
3535
1215
7357
635
9521
6849
3881
6166
89
5986
3170
1239
1567
1680
8945
9669
4724
9766
2582
8324
3368
5031
8592
283
4489
9082
3750
2069
3598
1295
1192
9970
246
10000
2048
6160
3975
6578
3078
3520
3359
4155
7523
6131
6279
3101
4262
5665
8086
2542
6881
3007
6776
4160
7363
153
2026
3488
8856
8534
6939
4497
7250
6592
9592
3865
7668
5696
8557
4305
2368
3638
1288
8746
1278
2485
7037
5655
1272
3684
3961
8920
3422
7230
2987
3908
269
7209
1431
6500
3517
4425
9823
4888
9874
2536
4519
8522
8718
313
9571
9486
3916
5700
8040
7820
2246
5179
5435
90
6063
8893
2007
1891
8461
7556
2960
3339
5178
4158
8507
7215
2667
8408
7757
5581
1273
2805
533
1967
5613
3340
8854
203
5079
1516
8902
9530
9977
768
971
6936
9476
9991
5815
1781
8826
2114
9199
6461
215
9663
1399
5880
2392
8558
8605
2717
3379
6490
528
3866
9859
6437
7088
2229
8401
302
6723
3947
6896
9137
3505
230
518
5156
4530
7772
8397
3605
4933
1402
6958
47
4192
3130
6074
9186
1063
5013
7716
9467
5636
9466
2694
263
5979
2956
2128
6093
6615
1412
6293
5628
9206
2320
9414
8844
4844
9267
4429
8100
7755
3780
7307
9263
3740
3220
764
2082
4773
2556
8623
4440
4728
4352
9544
9097
4369
1914
3207
9976
4401
5474
1181
4609
7435
710
7911
1456
8471
5609
4723
9662
3852
107
9756
1573
9946
3164
8209
5799
4899
4227
1329
895
1468
970
5292
7457
7231
3538
4444
9057
146
1717
7003
4950
5659
6992
9306
951
9788
865
9272
2683
1804
1416
4984
461
4712
9744
3893
2790
6154
3006
2768
3351
5203
1892
7564
3161
4567
3466
6552
6918
1214
7446
2150
4167
7498
6979
4572
5667
9326
209
1198
9900
6175
8243
9435
3357
4172
6900
5434
9469
5308
1076
9359
6215
2643
6035
4583
4955
2863
8247
218
8806
336
6525
7188
4536
2100
2274
4151
3939
2203
4498
4017
5315
8685
9999
7784
9597
8484
7056
5567
888
6501
5573
1047
2710
7149
3907
2405
6040
3232
4209
1882
2878
7543
8696
329
421
9153
1078
7961
4534
1600
6591
8612
3323
7635
989
3731
5368
3291
7391
1212
4988
455
7051
116
4790
9347
644
6983
4221
2808
5602
8505
3999
8250
5345
2618
9820
5645
1006
5680
1232
6921
1709
9464
3445
7389
6813
6340
61
7608
7786
7028
2606
5135
1182
9379
9795
4744
9848
4038
5529
5753
8527
4064
6350
6158
8089
2762
108
8450
10003
1270
6945
3453
7627
1899
7081
2292
4722
7071
2638
6091
7164
7371
3307
5928
5040
830
1382
5297
8830
6190
9732
1635
8572
213
2512
85
6355
6822
8359
77
4930
460
6206
3769
7621
8723
8155
6702
7872
7826
4795
8917
3949
7800
3099
7009
6842
5201
2133
5692
7346
2923
4640
6685
7468
2289
9706
6682
6227
1364
5829
8447
6180
4473
362
7343
4400
2018
5705
1647
753
9912
2659
8124
5320
6922
5460
3476
1674
647
5895
530
6084
3315
4771
2876
7795
2433
8391
4614
396
9014
3890
2605
1767
1472
1041
9487
2347
3672
25
4626
3770
7768
6259
6545
426
7264
7792
5754
3287
6471
52
6185
9914
650
1839
7244
6111
795
5745
5427
688
3071
1913
6301
5369
7732
5574
2031
6550
2552
1564
5871
536
3854
7943
4066
542
4161
5193
1235
2257
6870
187
1411
7554
591
9314
2472
3868
2309
6502
7318
8066
4882
1483
2167
9806
8989
2346
7108
4874
1993
826
2872
4685
4201
9827
8026
637
5718
9596
6861
5445
7366
8687
4869
9833
6612
2842
8883
5321
9107
6334
4532
9904
4358
5913
2406
2766
7120
5266
1201
2603
7443
3027
9579
4873
12
5983
1112
2938
286
7930
3206
4901
2686
982
8780
4105
8364
6565
37
6759
7692
8115
9241
22
2591
3534
514
7043
3046
629
2408
5008
4883
9804
7349
5936
9357
4195
3420
2339
5920
1366
130
9132
425
6338
2794
6230
4216
8098
4569
7869
6459
9192
4503
1079
2367
1948
1129
3259
8626
7547
6413
1783
449
5095
2995
9566
9426
8201
813
8849
352
3745
8110
8283
1055
416
7243
8233
4245
2756
7119
7219
4163
1581
2644
3818
3495
6363
5791
1211
6102
3236
4060
3677
1057
4663
2645
2510
1162
5897
3903
6692
241
6095
8312
8023
104
7218
1694
428
9392
2604
1356
600
439
454
6472
1466
9869
5270
2225
1613
9157
9423
4339
7704
4563
957
4952
6566
4460
6931
2474
8096
3319
7591
431
5945
6991
9636
8578
3334
9312
3433
6678
2275
2207
36
5731
8165
1196
6691
1247
754
3954
9285
7759
2687
4942
4268
5634
8597
4156
4220
1686
1476
2410
7542
7596
9888
7588
7064
2390
3082
3443
1217
9350
559
1396
8565
6412
3995
2281
9866
7616
3021
2632
5994
2304
3915
9632
5038
8778
3694
3860
2489
2650
2767
8220
5047
5600
2370
5202
3960
5970
4963
6191
5352
9695
9588
4998
2789
638
8536
376
5342
4296
9208
9997
7205
6890
6241
6059
5029
7744
1204
185
1417
5167
7541
9059
702
5924
8246
6920
9311
458
7540
2884
1732
3172
6901
1829
1575
6049
9722
9276
1705
368
3230
328
9624
4683
5967
8105
3343
364
7518
8491
4811
265
2473
9274
7404
7213
7276
3603
3984
7021
1307
8160
7287
2004
8769
30
8556
4892
2284
9284
2340
8241
3333
7571
8702
7303
886
2971
2396
1938
5235
9923
341
5781
7910
606
2852
6408
1325
3542
4283
8059
4168
7876
6517
6220
189
6845
1688
3254
3060
4980
5196
3177
1585
8016
1081
9763
1904
8168
6873
7613
5332
9029
475
3514
6607
5190
1437
8986
5761
6754
612
5703
5739
2458
1797
5341
8639
8448
1587
8880
2484
179
2746
5424
1884
8487
2166
1504
2240
4590
2576
35
6522
547
6187
8929
2105
4395
3643
7499
330
6088
8985
695
737
2963
8177
7522
456
9880
4207
4133
5728
6684
1318
7084
2210
1080
6271
1627
6141
5571
8763
6114
5273
1045
4688
481
4210
4272
9181
1518
3895
604
1333
8291
2002
2126
5948
6228
2529
4602
891
7842
8048
3662
8353
7937
6163
2099
6177
3369
6969
7398
6450
2271
9945
5214
3425
8651
4835
489
9578
2177
3971
5756
2174
9305
5904
568
5247
7520
5545
3497
2453
8239
8064
1286
440
4199
3477
3090
6226
2191
2702
8481
829
127
1490
8393
1110
3775
6950
4783
6485
7145
1887
8139
6203
9555
340
3033
8735
809
8298
1990
6871
5432
777
408
5238
8222
6225
2325
5773
3675
4054
9937
9631
2141
7624
589
2208
4735
8179
2323
5719
46
8068
4912
3801
1964
7401
4416
7538
9328
5894
3012
7265
5551
8855
6975
385
2399
3696
3306
552
6627
6320
9002
2689
4733
7607
8284
8049
7619
4237
1371
7492
774
8729
6782
304
7811
1238
8322
6056
980
6255
9962
9281
1344
6193
7297
2642
781
7990
8567
6319
8325
8125
9465
8019
5393
3578
9142
2415
9752
2566
7484
102
1583
9550
234
3469
5927
990
8051
2541
4820
8340
9749
7976
1237
8299
4906
9474
1840
607
3523
3703
3139
3596
1069
8711
227
9612
7823
9720
720
3173
8492
3799
3190
4242
2641
7566
9522
2594
3049
7288
5660
2706
7728
5568
6083
8153
5486
7117
2889
6868
1965
5604
2073
8979
9360
4357
5410
3153
5227
420
4270
7798
7726
9790
8940
8129
7773
4694
1102
6766
6270
5866
7251
5484
5922
8677
1756
8531
2728
3439
9317
10002
208
4878
8435
5185
7962
7456
3869
1658
2554
9286
5447
2198
670
7423
6182
4545
5349
6602
9391
6209
2804
4831
6977
9950
452
5234
1898
1004
79
1392
244
7940
623
4714
1726
6733
812
7955
4701
1976
8320
5556
9836
3728
3447
8990
5276
2182
2421
3741
7730
1340
7529
5931
7110
6669
4004
6614
2608
3055
1435
6815
8891
4695
6972
4932
4218
6924
7334
8785
6364
9025
9625
3548
5280
7210
9280
2614
2973
6058
3978
5650
3116
8910
3533
2515
4091
3085
204
7142
8189
6496
1873
7170
866
8850
9966
476
9863
793
7462
2791
1608
2615
5941
3185
7984
7879
1977
7010
6750
4379
7090
1359
2885
4153
5720
8439
5487
3408
6760
9055
8224
2222
273
5417
2833
8775
5857
6008
5111
1090
8012
3266
5723
6173
225
5947
3125
7501
8370
2524
3187
1813
2955
7758
925
4332
7379
2672
2675
6479
3847
2985
7131
3370
6214
749
9687
4461
2944
7172
949
3411
5923
5586
99
7597
6281
2836
8861
8188
9711
4326
7603
9974
9559
8295
8191
1447
6688
2063
1264
9882
1287
1992
2365
7428
1441
3154
2859
8380
7101
1740
2147
7969
6077
7252
2918
6626
7165
6965
3817
2865
3747
9905
5864
3829
2893
1322
9100
4944
5090
8903
5860
7817
9087
3726
9844
3463
9704
3958
1943
889
3242
9344
2505
1141
1494
985
1248
9248
5401
7693
8873
6257
2322
3149
7866
1488
6406
6952
9060
2206
1303
5899
64
5423
6569
9260
93
574
4513
828
3644
9713
1009
3838
7829
1529
2175
569
5244
2825
4654
8886
7474
4454
790
5037
8524
2172
1021
7824
381
4556
1420
367
3794
8171
3830
508
6342
4325
7860
1946
9509
1819
3529
8927
9173
900
9493
7286
2132
1370
34
2531
7383
3407
503
8331
1599
551
4414
5003
6790
2197
948
3942
4382
7830
4660
1163
9717
3372
5821
2363
2321
4446
578
7062
1849
4084
4067
4028
7016
5780
3241
5137
5277
954
1978
1805
4865
5426
217
6848
3392
1681
7018
7714
4548
4637
1369
3210
7130
2684
9548
8410
6834
1652
621
7332
4941
7111
3322
9329
8533
3364
804
6739
3666
5212
2651
5115
9501
4398
740
5993
2317
9829
5555
1633
8482
6335
794
6085
4206
9791
7851
9824
7439
7549
3092
672
1606
655
8240
305
9381
3721
9601
9405
1189
7921
1089
5298
9954
7496
1039
885
3383
7864
7263
6403
9440
117
8196
4850
1471
9043
5152
2212
4449
9589
333
7256
3620
8036
3581
6872
1092
3344
5646
6633
7766
8845
2927
843
975
4364
3724
5386
1051
9007
9481
7742
8793
8941
5482
1242
4843
6703
872
9190
3732
620
161
2685
9726
692
9146
9778
2316
6072
8968
2042
3597
2158
1715
2933
9028
6407
2411
5464
190
5353
5526
3803
5768
6116
3633
7952
8346
6507
8719
247
9730
3979
5080
6110
656
6118
9875
9520
9871
7337
5395
4114
7671
1640
1556
2379
6938
1776
2103
1222
1352
6310
8412
9803
5010
6516
7494
3237
2227
1565
5162
3761
9128
7656
9514
1383
1142
6835
7776
4078
441
9569
8286
8375
8148
7767
1317
6446
1981
9983
8211
8526
4725
3768
787
134
6710
7453
8145
6787
2163
9006
6251
8479
4257
5024
2669
1505
8721
6799
8248
3389
2849
8065
5418
5689
666
9896
6933
961
3456
806
537
7985
1357
7999
3906
4480
7806
2260
9427
2149
4872
5113
292
8932
9247
6006
6076
9847
9396
5001
287
4785
1115
50
2359
4935
2750
6695
6124
8175
8788
9837
9293
1818
2707
3771
1282
6375
3950
6752
3213
8922
2376
250
6087
4520
6352
988
5507
1104
6620
1870
354
2913
6596
490
9668
3186
1208
2678
7678
2577
8643
6165
1594
1574
9123
2186
9062
4991
1707
7816
8132
5350
7622
3356
8396
8161
321
1896
5200
8152
9176
8000
3273
8041
7831
5288
7253
4622
8582
3648
8865
1809
7535
8411
3634
3785
7982
6820
5554
221
266
1931
4410
5796
2202
418
5707
9757
7575
7339
676
4759
4894
4393
7311
661
5129
2988
6511
6854
2961
3387
947
9809
140
6571
841
7586
5264
2598
1793
1960
9609
9886
7709
6798
5954
8463
4929
4504
7765
5542
2856
7368
8438
5597
3545
2840
8734
1660
7546
5546
9504
1751
4223
1448
7166
5724
4605
1881
9860
4858
4787
326
6217
430
1191
3063
5975
709
3774
3612
3516
8546
7659
2077
4177
932
8937
9214
2302
3015
6751
4471
4524
4579
2014
4987
7073
2499
4766
9115
6007
919
7550
4922
8692
594
5335
8427
9932
1810
6734
7184
7644
6970
1856
4805
8842
3401
3146
1722
662
9541
31
2313
805
5230
8598
8013
2627
412
9861
331
1972
1852
4138
5699
8386
5603
1601
4116
3286
6547
987
5763
3576
579
7942
3042
8238
9343
4623
5422
6041
7258
8478
8437
1434
5615
88
7114
2616
2058
2308
972
8982
1444
9188
3719
419
4954
8373
1067
1068
3681
1001
3245
1936
1995
5133
9034
5633
882
1250
3277
8594
6528
72
6222
4140
9212
7445
6017
5852
8469
303
2581
815
8655
1649
2873
8604
1857
3659
7274
3376
295
6777
1075
8978
3498
8277
1665
1500
9449
630
9856
4445
4910
4975
8011
679
693
7745
8253
8413
9112
5291
8164
2545
2940
1422
529
941
1072
9584
5877
8451
2754
8462
5222
8895
7024
704
8969
4732
3850
7611
4397
1458
1166
3029
4801
1251
2992
8908
5462
810
8288
6923
1540
4453
121
4715
7815
55
7731
9917
779
4021
7481
1723
844
3295
3725
4571
2655
6998
7560
3941
7874
1165
256
1880
4018
6285
584
6595
4348
8150
6837
8715
4427
3927
6388
9418
157
9297
2123
4624
3440
4092
5771
4898
4279
3509
4249
4618
1172
984
9526
7400
4094
8180
759
6068
9594
6713
9774
6300
5548
3793
9802
8799
3640
8540
1955
6833
3752
3843
3393
1777
5511
70
5971
2025
5163
6966
4778
1762
1989
1109
6242
4463
459
6299
573
4476
6051
6155
1213
8202
5237
963
7277
9079
2380
8887
9093
9050
1385
5989
1878
8833
9116
8724
7310
1548
9920
939
5820
6122
7640
771
1644
369
3074
6132
8671
8516
2265
9794
1752
2486
4056
5093
1016
4962
6414
4557
5018
4760
8699
9634
2252
1479
2924
499
9611
8337
2749
6812
3461
8262
4662
129
3679
8694
4630
3454
956
5509
1283
2247
2656
8781
4845
1595
9817
4403
593
2332
3992
403
3115
1199
26
1178
6288
2921
1745
8226
3377
1026
9185
9031
1358
5064
6150
6425
7838
5354
4311
9604
5455
9099
5855
2223
3148
8055
2613
1524
1427
278
7548
9017
8750
8033
6383
4383
5750
1959
4399
9621
320
7261
5769
800
2330
3001
7146
3707
4328
645
8120
8795
9108
6308
4333
7112
8021
6464
9670
2972
1704
9207
9613
3174
7754
7179
9420
6261
1843
2828
1460
751
6874
232
9582
3848
3313
2480
5384
2646
7175
1547
8190
5547
3290
3437
5088
2312
875
5760
7504
3962
3302
6298
7699
5069
3058
2381
7190
9458
4553
6657
6737
4727
6401
2364
6655
2943
2078
6391
6284
4243
3553
7870
7355
8846
1719
2010
2572
6260
9036
270
7300
3808
9789
6659
5944
9265
9198
1897
4505
5657
7425
6797
6690
570
8640
7378
5362
8716
6123
3902
6796
2389
7095
776
2780
1662
5373
6888
3765
493
2845
4792
6879
9413
2050
3396
1040
4968
7927
1088
7865
6824
4134
3280
4215
2690
6042
6572
4271
6435
708
2328
1895
5811
4136
7929
6543
5991
9399
7970
7701
6897
8156
3959
2258
2268
8596
2803
4515
8338
1474
614
338
2345
9677
5046
4689
7909
8537
8456
3417
4501
2193
9714
65
5734
931
6506
2196
7476
1429
5442
7752
6394
8508
4731
701
5453
8174
811
3632
9652
1305
2799
1668
8494
5932
2693
2709
1951
2974
8131
4653
3874
3730
846
4905
4704
7988
1539
4559
2547
8959
4741
3571
9058
6081
2781
9642
887
1306
9535
6825
6544
6120
5325
6680
158
5929
5830
4866
5408
8925
641
2557
4651
5295
5356
2846
6113
8385
689
8583
442
3010
9813
5580
2442
5661
9368
8457
9841
4800
1095
2407
5186
5180
3261
5595
1269
8860
2440
96
6779
8697
4059
6647
8767
6510
1126
9378
7224
4550
2736
7309
6926
6549
928
8727
9513
2039
7822
798
7393
6434
2901
5060
1930
4441
1641
3919
7677
1003
1220
8106
8319
212
3631
1037
712
7801
6904
1501
6458
5411
9377
4451
2353
2838
5382
4636
4240
9961
1108
7248
1301
6818
1510
8898
3525
5956
9694
4667
2130
8810
2490
6324
223
960
5831
249
7192
4699
8236
3622
718
8963
2228
3611
8354
6283
4121
9676
8208
9290
8771
1312
4303
4791
3938
5585
7594
4713
1122
2571
5733
8511
2221
3430
5856
2243
7670
6875
6266
4754
4027
4582
8616
2619
3122
4666
5396
5675
1974
5611
8341
1906
2798
2335
9459
2307
9628
7892
9850
8988
5481
8061
2871
2979
1410
3840
8747
706
1372
6096
3316
3737
4124
294
2137
5846
4696
7664
9126
9919
3920
220
769
411
9602
4214
4198
5
2548
75
1761
7228
275
1698
9174
5584
3431
8843
6341
6618
1106
10001
8943
9617
5614
7118
968
9239
7669
3836
2434
1096
4389
8369
7803
6474
2904
9985
1934
8964
4909
2721
9665
7395
548
4145
4971
3121
9989
3897
1023
8820
1461
8321
8323
4089
3623
8857
9092
1549
9052
4034
5014
2109
9251
8501
9614
2533
2374
6915
3809
6878
5414
8495
7044
2869
8823
3196
7724
7467
3004
4978
4062
4046
122
6236
8264
5072
2679
7877
775
2350
3781
2461
3384
8670
4967
1349
7561
5764
7377
5299
3982
6142
5187
8071
5056
2864
3176
9089
7222
2843
2586
6188
487
9641
1780
3395
2097
5963
6859
4102
1795
8015
7954
7035
5647
7324
1263
697
3604
2388
9416
3452
6292
3599
639
6643
8486
3087
1907
9957
4011
4961
9362
9415
2724
1596
5497
4184
6024
5817
2588
4422
965
4661
4979
7211
3656
6451
9858
6094
2568
8280
7688
1133
2584
4657
2952
4989
1200
9995
2914
1703
4990
3337
2305
8310
9941
9564
9119
3914
4430
2682
4099
238
7953
3338
1389
8789
6932
5663
6955
422
357
8688
7636
3167
261
9410
8679
9964
4022
5925
3494
648
3321
9353
7121
6935
9429
1667
1782
3332
8363
4940
410
4492
501
7314
2969
7827
9110
3169
1624
8562
9533
7260
7562
8642
8203
2664
5997
4031
3554
6047
6656
2788
8779
7666
4625
5843
4794
4564
5383
1240
6323
4656
2249
3607
5749
8564
1651
178
164
6321
3224
715
921
814
9891
1593
7584
3285
8768
143
9881
3886
5324
5473
4808
7227
8956
4957
3791
2559
3674
4758
8529
6243
9911
1143
6145
5990
7593
8149
3188
5814
380
2477
9438
2315
9389
3863
2052
7787
726
1511
1390
4645
955
6465
8748
6329
3470
7902
1234
9024
6046
4764
8415
8877
2658
7441
4176
8634
7517
8215
2187
20
959
9947
757
5525
1716
4936
205
2818
4558
4185
4491
879
7908
1663
7055
7713
7893
3744
6392
3444
5169
1937
6003
7296
9830
6250
3849
3811
7015
7125
5182
7778
196
469
7067
7841
9903
9202
9654
8133
8764
5522
3878
8816
9461
2601
4337
6711
633
3625
6365
7216
3777
5519
5467
9358
9683
7602
6762
5743
4777
9334
6696
8872
7978
2696
1669
5552
1134
1901
2491
2526
2294
2892
4786
7392
3709
2935
1326
9217
4298
7140
6934
3198
5961
3257
6505
5098
1377
6253
4362
2909
1986
6445
2741
3179
2470
9898
1430
8930
7259
1832
6608
2017
3841
8406
9237
6010
6764
4753
8167
7344
3064
9291
9282
4700
883
9822
6267
8317
7255
504
9960
106
9534
3718
468
2054
734
6196
2035
3468
2699
9705
9570
7615
3490
4995
1493
7570
8420
4087
4234
6304
5709
937
9909
2164
1808
4180
5255
5959
3096
7204
7935
3227
9145
1975
9075
2779
2636
1954
8589
6452
9453
2981
9931
7698
9397
5969
6561
9910
7573
7643
6694
3630
5801
6989
8135
9309
1917
6652
1922
4747
7127
848
3557
2628
6417
8803
1775
9172
8038
5112
6262
7903
659
6057
8878
7437
7376
6354
8760
8366
4893
6475
7364
7202
2341
7434
7275
1706
8001
6715
512
7928
4289
4190
480
7133
4529
2113
7804
9346
5148
6941
7986
3017
1791
8403
3574
5171
5173
6986
7477
467
7722
9200
3873
3816
6286
9266
3746
9993
1677
6138
3043
3589
9574
4604
3361
2950
5039
4842
5051
5078
8077
7406
3609
4544
8632
6976
6020
7862
5861
3062
7306
3028
6993
9527
9412
2413
1053
3549
7719
4086
874
4836
713
5787
9561
7850
5496
1926
7604
8053
6599
2574
4205
3126
869
414
1414
9499
899
9965
202
9003
750
7454
7390
7598
4065
3272
6092
2911
8193
5044
7557
1513
8935
9816
9384
371
4597
6062
6641
3330
3827
6816
5376
8829
1450
5918
9825
7495
7639
8709
4678
3381
1550
5594
9698
4310
7796
827
1506
6846
306
7623
7147
5002
2509
3936
9053
3141
8974
3336
3288
6027
8465
6313
3009
251
1024
1421
7837
7229
7888
1289
7214
224
3326
7674
8079
318
7370
6593
2534
9232
9508
4050
1509
1542
4466
4803
3810
5577
3077
6574
2580
9738
2731
3160
4627
9009
9651
3410
7968
9010
7091
4274
3669
3248
2813
2886
7609
7351
1267
6181
2465
6860
1262
7867
6827
2495
5730
3824
7333
7868
5908
8206
3181
6224
515
7648
6353
3134
6358
2830
374
3819
3782
3710
8790
1528
3140
5935
5625
2900
5413
2455
7600
4044
5844
8754
6722
7996
2806
1470
1154
5377
2882
3108
8442
3107
4522
1853
1784
6107
5256
4765
495
7626
8762
2402
6453
5976
8003
8871
3329
156
7836
5827
9109
28
1749
9943
1535
9421
1846
730
9518
5249
6736
3661
6012
279
3318
297
744
7002
4509
5847
3278
8423
3256
1580
5583
4621
7189
2930
9294
1354
2102
2241
32
3584
3891
6604
9395
9865
1457
5431
355
6891
2700
742
7387
6022
7409
2498
1734
5274
1950
1691
4839
198
2800
1949
5744
5165
9895
5740
8073
739
1636
310
725
4111
2715
5623
3491
3098
1017
4338
5204
9770
5476
384
466
7965
6370
6039
6666
9918
8825
1910
2195
6245
3040
5977
892
2256
5612
6719
9743
1888
6665
2735
8743
3223
6374
8528
5119
788
172
7904
7295
9735
821
8504
4082
6030
9506
8931
4194
4385
5153
3076
9354
4477
4484
1395
8869
171
9045
4479
8093
3429
9627
4117
5307
9026
4674
434
7325
4887
2005
5471
9640
6318
6486
5265
9165
2283
2276
407
2154
9452
3759
7694
2153
8443
5560
1475
7313
8593
8113
763
3426
2970
8255
5770
9673
3738
2386
6482
8378
5309
9630
825
351
5407
7491
722
5361
3736
5818
5531
7502
5388
5050
3253
6016
2075
7136
4631
6823
9401
2951
5217
1718
1555
6794
7342
7733
2290
4818
8904
293
4591
546
6034
9238
5618
4119
8050
5210
5669
7847
5489
910
2792
2418
9147
2000
6221
7323
2753
4554
3989
6535
5534
7993
2135
3544
9784
3945
2862
4295
1398
7629
9771
6806
5921
4934
6157
9393
7708
6563
7819
4517
2713
8289
7240
595
8539
1747
4372
923
7925
7203
9845
4708
8669
6701
2454
6880
3685
7181
973
5575
9473
6778
155
3192
6148
881
4502
8082
686
3044
8648
6786
3617
3877
4015
5041
603
2378
2254
324
9194
3888
3864
3193
4464
1407
5123
8316
7058
2466
6772
3650
9786
3203
6065
7178
1482
3526
1526
8832
7511
4314
9319
7291
100
6436
97
2161
9489
7143
6743
1298
8730
2450
6851
5845
3345
4322
685
5751
5778
6617
3680
7700
262
7589
2611
5999
860
946
1256
446
2280
6637
9532
7097
2081
9320
9298
9956
7712
1672
7098
2200
1998
3522
8897
3909
5188
3428
5683
762
2637
7038
5454
1650
4247
6687
6791
4436
1487
9163
9893
2734
6071
3335
8998
391
8178
6518
5553
2612
3926
7531
4412
2562
3300
6580
6127
7042
2853
1701
717
9339
9149
7878
1802
4690
5215
966
6439
3038
6638
8232
7361
2285
8037
4646
3889
9741
5207
443
6795
6443
7813
8520
4006
8245
1160
6504
2028
137
1984
9953
5992
38
5161
2839
5437
9018
3980
1578
6925
3901
8384
2649
8996
6852
2622
6098
7821
3639
3388
71
2978
6984
1107
1503
4652
7455
2673
2897
2248
3935
8266
7858
3120
3258
996
5881
2523
2354
7769
8807
1678
8732
8349
1409
3695
8389
9091
4474
5259
2462
1314
664
2253
7966
2233
5425
258
6699
9811
7473
1611
7799
1527
6019
6069
415
9725
3613
9598
5626
7452
4169
4359
4080
8948
8569
5786
4009
9229
6268
2949
142
9261
7612
6184
4506
1467
3397
6395
6536
2739
6587
9436
8645
7094
2822
8650
8752
5535
4443
8924
5505
4048
8786
9540
2159
9573
819
1391
3727
884
259
2896
2023
797
4101
9478
7516
10
4459
9178
9225
9204
7967
9712
4239
6489
5224
7897
524
1323
9218
5449
1342
9539
974
9447
7345
1753
7458
7271
4720
617
9986
4931
139
7779
6491
4248
9646
3521
5099
6832
1365
3094
8362
9210
4003
4360
207
5965
8024
9685
6147
1729
7932
8136
1146
8835
7958
8678
7039
474
7686
4875
9369
9095
1070
3460
6673
3807
8104
5966
6732
3699
4784
9777
674
6857
4897
3432
9731
8630
3931
5851
8187
4037
5323
5714
7440
8304
736
9033
9913
7438
7818
5538
8510
9088
897
8921
1086
5777
3348
2596
5887
5183
9608
6995
2513
4706
1864
173
8588
3386
901
8221
1144
6894
7174
5493
7528
4433
7931
4469
2539
7810
3986
8046
1443
2772
3467
8551
1730
9419
5909
2555
1515
2397
6381
9371
21
8787
2267
6661
6508
2072
4834
7975
8218
4966
9182
5677
5084
4810
4106
9906
1648
7875
395
1666
1125
4313
3492
6031
4052
1277
7785
1999
728
5483
5000
2620
3182
9586
2101
4323
4253
4538
6523
3399
3314
2866
2737
1576
7741
252
2841
3658
240
9122
4202
1514
5616
5365
2027
7362
1584
361
4233
8928
7914
7162
9600
2932
1315
95
6756
2530
5783
8994
4514
1408
6520
3093
4001
3045
622
4493
4917
5348
7926
1077
9193
3583
4982
3127
5911
248
281
902
5946
3168
435
6282
839
8831
6112
2120
5477
7070
4217
4171
322
2815
1253
8008
390
3231
4780
9299
4061
1754
4939
6219
9295
4573
2160
6937
1093
8058
5054
1478
5164
5159
8127
6855
1463
2358
5670
9056
1188
8802
5779
1453
2929
6294
5254
1708
2362
4677
8044
1693
4126
5886
636
1872
4589
677
2688
6584
3637
6819
6274
6667
3143
2879
7386
3441
5465
399
110
6054
6551
2138
803
3539
2874
5499
8814
999
8080
5104
7221
6135
5371
3471
4095
5181
4672
1378
1193
7972
6386
7572
7638
1741
4335
4847
9798
2125
2595
2942
544
8600
6914
2506
7957
8431
7004
9674
2902
4985
3299
437
497
7235
9536
8824
4256
4750
5790
7075
3247
8663
9607
3412
8297
282
675
5102
4421
4611
1779
3764
6755
4386
5671
1788
4518
3779
2493
6151
896
7989
9958
1387
1744
5826
6582
1961
2391
7534
8358
7998
9071
9271
5374
852
5701
4867
3039
2216
7945
3892
862
3263
3921
457
8881
2647
4516
9041
9408
5363
6420
3100
7973
1508
663
5075
9032
9616
8525
5576
1558
8726
2745
8926
231
5337
1130
6648
206
914
2771
3701
1760
4387
2303
1796
5813
8381
3239
1243
4213
8960
4132
5192
9785
6494
9160
4537
9332
3845
126
9877
6946
8444
7141
3965
1801
6235
4144
5211
13
8970
3298
3846
7471
7304
3602
7791
8894
6015
1177
1105
4748
4946
274
7775
6328
9497
3627
8303
5083
4587
7857
9552
553
8867
1842
8045
3342
4350
2535
2793
7335
3645
1367
7980
4525
5565
3940
4972
3715
6161
2994
3708
2117
5952
3582
8227
1612
6576
6396
5681
3832
8426
3653
6373
4107
4137
2107
2996
4891
5528
7625
8308
2425
5246
9001
991
5242
8081
4838
9074
63
1186
7299
6368
2797
9782
2008
6382
5206
4566
1497
1337
5379
167
9037
8095
9593
6315
6117
2835
1604
997
3729
9114
1848
7683
5033
7729
4945
2561
1375
4407
7338
8029
4592
4470
3905
1439
379
1692
6573
7100
8972
1885
8905
9479
7394
6433
3933
8868
6745
123
3641
1033
7076
7408
9356
7651
4816
2965
9039
5241
1345
2775
3594
2349
1120
1893
5176
1360
7388
2326
5537
5416
4072
2811
6011
6821
1544
9595
1043
4770
6534
7843
602
7992
6639
2424
2528
3114
3651
1877
9443
448
4291
3112
500
2999
8853
4122
5523
9846
9385
3983
5863
5293
9681
8275
4908
8371
58
8350
2654
2648
387
8356
10004
6885
859
4767
9765
9158
1568
9556
5649
4774
9463
3255
7525
5716
6149
9796
6910
6600
7887
1700
4287
9867
6416
1065
6090
1209
3474
9226
1597
5500
6664
9233
6775
7500
9491
8269
3996
7226
1449
6724
8090
2858
8939
5267
9013
4568
8091
9955
7151
3702
1836
1462
576
8425
7944
3479
3150
3283
9148
1728
7895
2173
760
1956
8018
4495
7414
4103
2807
1537
7196
4628
2922
2324
5479
1280
3354
1151
3301
5364
2009
3547
5635
575
1531
8710
4418
1245
9477
2020
7950
2242
1545
5968
4973
4183
3189
1158
8405
2712
1785
2436
3899
5336
592
2899
4258
2245
4197
9942
6398
5275
3573
7580
6675
9502
1031
5588
1351
4408
4406
6137
741
2848
3025
9456
516
7436
8025
9250
5620
9457
1725
4691
8637
3229
9546
8194
6332
976
5403
4925
1455
2476
2796
1720
1512
9184
9454
2432
3861
4823
871
7805
9111
9235
1919
3202
8219
8355
5253
7559
7417
2503
2165
1148
4465
9171
5621
9490
9121
8798
1699
6028
5676
7687
9230
3219
2668
598
6987
555
5640
2959
3858
4019
908
4047
8847
5278
807
6171
6579
5673
2286
9422
2030
1046
2422
7723
8172
8122
4703
9975
7448
276
1657
5593
520
857
1806
6792
1654
2047
4533
1543
5726
3484
7505
4588
7144
2502
9864
3564
4478
1432
377
8502
1451
5873
1502
2383
3642
9776
4736
6689
4290
3448
998
1569
9831
7469
7737
9623
3487
6905
7113
3711
6560
2068
3875
3346
9887
2551
5543
6748
5346
581
5005
1661
436
2259
148
1639
2549
2116
4415
9144
397
3465
4068
4781
6050
188
6999
3970
8773
6726
611
8074
6953
8561
1763
7514
927
7960
2460
5322
8859
5330
8278
3480
1874
6635
6089
6405
1987
4743
8498
7054
6422
5440
8628
1332
94
6218
3262
2755
9179
9446
1619
6289
4462
4278
3671
6644
3519
6052
3825
8285
6781
608
370
5048
4341
9523
6014
3601
6844
1048
3403
9703
3628
6000
8675
5283
5792
132
3912
9925
4472
3324
983
8841
8547
1996
3552
5469
9568
7751
8811
4863
5879
7156
1563
2373
8483
8690
5641
3859
2441
3413
778
482
5006
8279
2459
3095
7033
5334
7740
6913
8176
1702
5902
8318
6768
2146
6
307
1330
3507
4716
7941
4837
4745
2157
1889
3713
5232
4277
8761
4135
3647
7135
9562
6514
6681
1459
1300
920
8144
1821
7696
255
8879
958
4960
6238
6167
1653
6718
842
1227
229
6642
4043
9684
8062
245
7148
3668
2626
9994
3136
2716
9020
7761
505
2463
3853
1766
867
9987
721
719
2919
563
912
8085
9288
5512
175
1863
7466
7889
5570
3798
4692
915
9567
1687
6021
4860
3145
4365
4542
8707
6903
3570
4377
7715
9133
6032
2703
978
8765
6590
7951
9442
9262
8417
2621
8272
5721
2121
1522
714
850
5132
2129
7997
7839
8314
1127
5687
1903
6048
4686
9496
1814
7282
5624
3968
8576
8822
1772
5984
4638
2095
4600
5988
6982
6366
3851
1557
2296
9553
7384
9136
8382
8151
9747
2115
7834
5269
9959
3235
2382
9424
2912
5231
5194
2420
1947
2832
2431
8713
8777
3279
5294
5892
2384
796
2630
3297
3688
2881
8453
3486
8890
6426
4889
4222
5229
3812
2456
5439
4152
7881
7939
7302
8225
5360
4309
4179
4349
141
3952
4793
5239
4928
3360
7959
151
4376
8137
7963
7488
6869
4634
7605
7725
8858
4543
561
2439
5784
7915
8361
8402
404
877
2065
4381
8060
9086
1712
4250
3621
3415
1994
191
7524
6529
2266
6570
8097
6899
1334
9125
3624
5524
5972
9022
3626
5450
9973
7399
4129
2783
6101
7763
2701
8477
7552
8682
585
4073
8749
4814
5953
4448
3772
992
8544
517
7270
1824
4112
8306
7663
4225
2139
1194
2070
6509
657
2215
5331
4921
7905
7506
784
3347
3720
7403
6424
144
2857
6807
9129
6947
2387
3924
4267
6152
5572
3144
934
3956
4353
6686
4174
1971
7979
2145
7771
8052
2044
6078
4456
3405
2609
4128
5105
3000
5303
4870
1058
2676
9068
2084
2670
4560
9386
4937
9870
4826
6428
5682
9769
4855
6856
4539
9219
1541
4969
5785
3147
601
3551
8500
4251
7416
5409
5030
7885
2478
429
6023
9754
7284
3225
7574
8695
3885
5124
3712
6419
6331
7031
7717
6442
3503
2718
2729
9873
1519
7987
4005
3250
3716
6207
2024
2997
3216
9049
9472
1940
1249
4920
296
5532
8
6512
8805
7207
2034
5073
2333
6883
3418
7971
3763
4284
5097
6769
2409
1921
5942
8599
5390
1554
1792
59
182
6460
2575
7367
1625
9505
2770
378
84
5344
5652
8644
7883
6043
433
6269
1713
9375
4166
3394
7269
3796
5351
236
3053
7305
5490
6252
5475
3934
5806
7595
6343
6455
5262
7585
1869
5430
8257
1735
9639
5808
6530
7382
3199
1403
678
4983
4664
5765
9256
3419
1225
3806
3969
801
1602
4833
5012
7920
6387
5059
8615
363
2064
2617
5812
9259
165
649
7340
4026
580
6239
3362
3166
2214
477
2369
4306
8617
5087
1905
8812
2119
6380
4431
5494
5684
3048
9
5328
7336
2278
6305
3310
9124
2820
7225
9211
4885
5319
1138
1764
7167
632
69
5981
2043
7762
9664
2467
6597
5443
8907
6134
1184
6189
3057
7326
8991
4285
8368
8163
4331
6423
2733
8571
700
1379
6588
6264
2003
4029
4343
4965
7080
8912
2184
6863
7606
2829
6948
2744
5888
6585
747
5118
7128
1038
7936
284
4143
7083
1362
878
1546
3896
6610
7447
9244
7316
1139
4526
6928
7592
8731
6248
8701
5949
7124
2990
5015
2525
5405
9814
3946
2400
922
864
6194
4055
8067
5357
1244
6803
2062
3981
1570
3265
3208
1241
1496
9575
3734
8107
6930
8751
1582
4616
4599
8332
4487
7746
6247
9403
6174
3776
8757
3175
5706
7017
2681
2071
2517
7026
1825
3137
5943
7486
5329
7647
7223
9428
2277
9927
2357
3129
3402
4292
1736
5841
7923
2597
76
6080
4907
703
7519
5121
9066
3375
6183
3871
3200
2429
7201
5776
6199
8249
9812
6524
4301
8712
5149
312
6636
8454
3089
9495
5938
8185
2074
8047
3592
711
936
6467
8523
5279
5151
5138
7281
2760
4851
3773
5955
6540
7242
4499
4639
1094
169
7933
7667
8075
2814
40
216
4324
3355
8838
4902
6909
4819
5644
2759
9826
471
8294
9892
1221
4340
2870
5068
4681
1082
1492
3823
5305
545
550
4782
5209
9380
323
3191
1495
115
8108
2543
3201
5127
7212
7665
159
1517
3667
7424
315
114
567
4204
1945
8276
1822
5028
1025
16
7198
7873
1980
3506
9159
4711
4719
7658
587
6886
7544
9117
131
3264
8087
926
9351
6730
1167
2569
8722
9879
6070
2802
3704
511
7995
6994
6276
5788
6628
8395
3400
7206
2763
301
183
1577
8668
9590
8265
2437
3013
7922
8545
6847
3374
8725
9710
4615
8714
3657
2231
3837
9661
5741
7587
2438
7245
2652
5839
5939
6541
5172
625
837
9113
5268
3898
8017
1149
2204
5732
1062
7738
8235
1187
9253
2255
3943
3312
5849
9746
5043
9064
7063
1659
1404
3733
2570
3158
2377
8684
4280
373
4150
1207
3546
9643
6773
2079
820
4024
6223
9120
8468
9633
3813
8007
7569
8808
5698
9697
9321
1099
8691
2834
8590
2273
4555
5116
5134
8183
1847
2083
5527
27
7907
6651
6061
8334
289
1418
2199
5619
8475
2888
3502
5282
9862
9843
7241
4147
5468
6668
5287
9289
4647
5795
42
4203
2520
6838
7013
9512
8954
5495
334
3857
91
2201
5089
4345
3270
7991
8900
8888
4426
4914
8796
4344
979
8631
3973
6707
1605
1311
6893
1363
3835
3034
4488
5859
7159
6378
291
1942
7077
1012
9488
6457
9800
6727
9296
1268
1100
5042
6198
486
9106
8063
5653
2110
1388
3233
3683
6277
7854
9659
1837
2765
4594
464
4354
7680
7405
9622
5009
9907
389
7093
6045
3438
1157
8667
873
6716
9750
1155
950
5987
9921
8936
8455
1331
6470
41
5559
5601
5596
1275
8971
1066
791
8741
479
8387
5058
1894
2504
1634
6767
1865
3588
2311
6704
5106
2395
11
9151
9885
5094
8309
2761
66
7431
4141
2521
2337
2854
8563
3293
8586
9815
6369
5177
7369
8212
627
5400
7020
3948
5878
5243
8473
6390
6444
8993
5250
6889
2234
4189
981
5016
4392
3353
8404
4394
7856
1400
3052
1939
4241
8458
9915
588
870
9968
3178
7298
4687
5061
2445
7171
6968
1855
8543
4890
214
6729
1170
2250
6216
9083
8499
19
2786
264
7006
1834
9216
9152
1190
8296
9450
5686
9387
1346
1642
4552
3427
8123
5607
243
184
1738
1438
7977
1164
7030
3462
7478
6884
7553
2127
3693
2982
8977
1871
9336
9203
3993
845
347
9507
7641
906
9224
9189
1742
9551
2426
731
1620
4096
7283
3615
8398
8263
4665
916
9792
5191
8452
7034
7650
168
7045
5444
4565
6611
1320
1862
5085
358
5627
5755
9807
3831
5564
9483
6115
1000
2179
6831
8470
2708
6583
8195
1071
4483
6371
4862
348
5385
8088
2585
5128
2122
314
4282
8664
526
8514
4709
5290
4139
9581
7684
4231
4074
4299
3132
2213
2740
3499
170
2244
7487
3788
5372
1628
624
699
3686
5436
1473
5642
8622
6280
453
5358
4181
8230
9433
9236
7422
4142
7510
8672
3762
2916
7444
6287
7753
2986
2875
3493
6959
4041
8260
6067
1638
5996
9246
8518
6448
4886
3887
1299
9316
9762
3475
7661
5343
9162
5617
2625
1484
9760
6449
8766
6492
4149
5926
7844
6830
4815
6348
7706
9934
9308
9855
4698
2823
7099
6211
8946
360
5797
1916
2602
201
2826
9019
5488
8770
1621
786
8116
9708
6800
7272
6577
8069
4368
7949
8585
6548
6106
853
6912
9853
3792
6201
4796
6311
4481
9044
8772
2821
6337
1261
8217
239
2910
4669
470
2657
2532
1830
1957
2599
1259
3481
4856
7137
8638
2809
5459
5109
6367
1828
8140
1428
2926
1586
7655
3131
8138
669
9832
5544
7129
3531
6415
1820
7780
1343
2855
6400
8199
9545
4603
7533
8418
2171
2178
8244
4981
6139
7236
8800
9783
5092
5394
1401
339
1097
8112
4746
8031
7008
2494
5252
5131
605
9084
6940
4986
5919
2743
1060
894
6143
8497
2593
6421
7247
1927
1174
3882
5355
5563
2610
1176
967
4188
344
7490
7161
6004
4970
564
2371
3458
8909
3331
8673
1098
8002
7415
1173
4718
9304
2045
3972
4211
8863
4861
8733
8550
9647
4730
7154
9258
917
3815
9322
124
8659
1121
5608
4391
4263
3068
8252
7545
4125
3069
375
8326
3664
5258
3560
6079
8641
78
199
7025
7748
4779
8983
8801
3577
1646
8745
6725
9468
3966
6741
7246
9342
9484
8606
7521
6811
8817
7082
2680
4876
8840
7262
6204
9799
7138
7059
2939
9758
5302
5391
8827
5478
9894
6362
3088
3483
2060
4610
4083
5582
680
4293
9005
8552
4521
9618
3508
6606
9252
3024
5380
4428
8030
4871
7735
3328
5737
280
9686
6942
2190
2966
8896
4468
631
8043
6202
1755
5958
5333
6956
8784
9150
5658
9027
9430
5900
6981
6747
6013
5485
8102
4721
1339
8147
5678
6907
3183
3676
3271
6559
9134
488
3586
3910
4500
1963
5772
4585
5011
8117
9143
5067
1274
5420
9516
9963
808
9775
8158
1252
5656
2336
9498
